{"autoClear":true,"clearColor":[0,0,0],"ambientColor":[0,0,0],"gravity":[0,-9.81,0],
"materials":[{"name":"riley.Material.001","id":"riley.Material.001","ambient":[0.0059,0.3933,0.8],"diffuse":[0.0059,0.3933,0.8],"specular":[0,0,0],"emissive":[0,0,0],"specularPower":50,"alpha":1,"backFaceCulling":true, "diffuseTexture":{"name":"face.png","level":1,"hasAlpha":1,"coordinatesMode":0,"uOffset":0,"vOffset":0,"uScale":1,"vScale":1,"uAng":0,"vAng":0,"wAng":0,"wrapU":1,"wrapV":1,"coordinatesIndex":0}},{"name":"riley.Material.002","id":"riley.Material.002","ambient":[0.8,0,0.0203],"diffuse":[0.64,0,0.0162],"specular":[0.5,0.5,0.5],"emissive":[0,0,0],"specularPower":50,"alpha":1,"backFaceCulling":true},{"name":"riley.Material.003","id":"riley.Material.003","ambient":[0.0078,0.8,0.0238],"diffuse":[0.0062,0.64,0.019],"specular":[0.5,0.5,0.5],"emissive":[0,0,0],"specularPower":50,"alpha":1,"backFaceCulling":true},{"name":"riley.Material.004","id":"riley.Material.004","ambient":[0.036,0.298,0.8],"diffuse":[0.0288,0.2384,0.64],"specular":[0.5,0.5,0.5],"emissive":[0,0,0],"specularPower":50,"alpha":1,"backFaceCulling":true},{"name":"riley.Material.005","id":"riley.Material.005","ambient":[0.8,0.2421,0.0309],"diffuse":[0.64,0.1937,0.0247],"specular":[0.5,0.5,0.5],"emissive":[0,0,0],"specularPower":50,"alpha":1,"backFaceCulling":true},{"name":"riley.Material.006","id":"riley.Material.006","ambient":[0,0.9734,0.9734],"diffuse":[0,0.9734,0.9734],"specular":[0,0,0],"emissive":[0,0,0],"specularPower":50,"alpha":1,"backFaceCulling":true}],
"multiMaterials":[{"name":"riley.Multimaterial#0","id":"riley.Multimaterial#0","materials":["riley.Material.001","riley.Material.002","riley.Material.003","riley.Material.004","riley.Material.005","riley.Material.006"]}],
"skeletons":[{"name":"Armature","id":0,"bones":[
{"name":"Bone","index":0,"matrix":[0.9975,-0.0707,0,0,0.0707,0.9975,0,0,0,0,-1,0,0,-1.3161,0,1],"parentBoneIndex":-1,"animation":{"dataType":3,"framePerSecond":24,"keys":[{"frame":0,"values":[0.9975,-0.0707,0,0,0.0707,0.9975,0,0,0,0,-1,0,0,-1.3161,0,1]},{"frame":111,"values":[0.9971,-0.0757,0,0,0.0757,0.9971,0,0,0,0,-1,0,0,-1.3161,0,1]},{"frame":112,"values":[0.9959,-0.0904,0,0,0.0904,0.9959,0,0,0,0,-1,0,0,-1.3161,0,1]},{"frame":113,"values":[0.9934,-0.1145,0,0,0.1145,0.9934,0,0,0,0,-1,0,0,-1.3161,0,1]},{"frame":114,"values":[0.9893,-0.1458,0,0,0.1458,0.9893,0,0,0,0,-1,0,0,-1.3161,0,1]},{"frame":115,"values":[0.9835,-0.1812,0,0,0.1812,0.9835,0,0,0,0,-1,0,0,-1.3161,0,1]},{"frame":116,"values":[0.9763,-0.2163,0,0,0.2163,0.9763,0,0,0,0,-1,0,0,-1.3161,0,1]},{"frame":117,"values":[0.969,-0.247,0,0,0.247,0.969,0,0,0,0,-1,0,0,-1.3161,0,1]},{"frame":118,"values":[0.9628,-0.2704,0,0,0.2704,0.9628,0,0,0,0,-1,0,0,-1.3161,0,1]},{"frame":119,"values":[0.9586,-0.2846,0,0,0.2846,0.9586,0,0,0,0,-1,0,0,-1.3161,0,1]},{"frame":120,"values":[0.9572,-0.2894,0,0,0.2894,0.9572,0,0,0,0,-1,0,0,-1.3161,0,1]}],"loopBehavior":1,"name":"anim","property":"_matrix"}},
{"name":"Bone.002","index":1,"matrix":[-0.0315,-0.34,0.9399,0,0.9983,0.0347,0.046,0,-0.0483,0.9398,0.3383,0,0.1528,-0.5496,0.6813,1],"parentBoneIndex":0,"animation":{"dataType":3,"framePerSecond":24,"keys":[{"frame":0,"values":[-0.0315,-0.34,0.9399,0,0.9983,0.0347,0.046,0,-0.0483,0.9398,0.3383,0,0.1528,-0.5496,0.6813,1]},{"frame":1,"values":[-0.0315,-0.34,0.9399,0,0.9983,0.0347,0.046,0,-0.0483,0.9398,0.3383,0,0.1569,-0.5498,0.6793,1]},{"frame":2,"values":[-0.0315,-0.34,0.9399,0,0.9983,0.0347,0.046,0,-0.0483,0.9398,0.3383,0,0.1693,-0.5502,0.6732,1]},{"frame":3,"values":[-0.0315,-0.34,0.9399,0,0.9983,0.0347,0.046,0,-0.0483,0.9398,0.3383,0,0.19,-0.551,0.6631,1]},{"frame":4,"values":[-0.0315,-0.34,0.9399,0,0.9983,0.0347,0.046,0,-0.0483,0.9398,0.3383,0,0.219,-0.552,0.6489,1]},{"frame":5,"values":[-0.0315,-0.34,0.9399,0,0.9983,0.0347,0.046,0,-0.0483,0.9398,0.3383,0,0.2558,-0.5532,0.6309,1]},{"frame":6,"values":[-0.0315,-0.34,0.9399,0,0.9983,0.0347,0.046,0,-0.0483,0.9398,0.3383,0,0.2997,-0.5548,0.6094,1]},{"frame":7,"values":[-0.0315,-0.34,0.9399,0,0.9983,0.0347,0.046,0,-0.0483,0.9398,0.3383,0,0.35,-0.5565,0.5848,1]},{"frame":8,"values":[-0.0315,-0.34,0.9399,0,0.9983,0.0347,0.046,0,-0.0483,0.9398,0.3383,0,0.4054,-0.5585,0.5577,1]},{"frame":9,"values":[-0.0315,-0.34,0.9399,0,0.9983,0.0347,0.046,0,-0.0483,0.9398,0.3383,0,0.4643,-0.5605,0.5289,1]},{"frame":10,"values":[-0.0315,-0.34,0.9399,0,0.9983,0.0347,0.046,0,-0.0483,0.9398,0.3383,0,0.5251,-0.5627,0.4992,1]},{"frame":11,"values":[-0.0315,-0.34,0.9399,0,0.9983,0.0347,0.046,0,-0.0483,0.9398,0.3383,0,0.5858,-0.5648,0.4695,1]},{"frame":12,"values":[-0.0315,-0.34,0.9399,0,0.9983,0.0347,0.046,0,-0.0483,0.9398,0.3383,0,0.6447,-0.5668,0.4406,1]},{"frame":13,"values":[-0.0315,-0.34,0.9399,0,0.9983,0.0347,0.046,0,-0.0483,0.9398,0.3383,0,0.7001,-0.5688,0.4135,1]},{"frame":14,"values":[-0.0315,-0.34,0.9399,0,0.9983,0.0347,0.046,0,-0.0483,0.9398,0.3383,0,0.7504,-0.5705,0.3889,1]},{"frame":15,"values":[-0.0315,-0.34,0.9399,0,0.9983,0.0347,0.046,0,-0.0483,0.9398,0.3383,0,0.7944,-0.5721,0.3674,1]},{"frame":16,"values":[-0.0315,-0.34,0.9399,0,0.9983,0.0347,0.046,0,-0.0483,0.9398,0.3383,0,0.8311,-0.5734,0.3494,1]},{"frame":17,"values":[-0.0315,-0.34,0.9399,0,0.9983,0.0347,0.046,0,-0.0483,0.9398,0.3383,0,0.8601,-0.5744,0.3353,1]},{"frame":18,"values":[-0.0315,-0.34,0.9399,0,0.9983,0.0347,0.046,0,-0.0483,0.9398,0.3383,0,0.8808,-0.5751,0.3251,1]},{"frame":19,"values":[-0.0315,-0.34,0.9399,0,0.9983,0.0347,0.046,0,-0.0483,0.9398,0.3383,0,0.8932,-0.5755,0.3191,1]},{"frame":20,"values":[-0.0315,-0.34,0.9399,0,0.9983,0.0347,0.046,0,-0.0483,0.9398,0.3383,0,0.8973,-0.5757,0.317,1]},{"frame":21,"values":[-0.0315,-0.34,0.9399,0,0.9983,0.0347,0.046,0,-0.0483,0.9398,0.3383,0,0.8928,-0.576,0.3182,1]},{"frame":22,"values":[-0.0315,-0.34,0.9399,0,0.9983,0.0347,0.046,0,-0.0483,0.9398,0.3383,0,0.879,-0.577,0.3216,1]},{"frame":23,"values":[-0.0315,-0.34,0.9399,0,0.9983,0.0347,0.046,0,-0.0483,0.9398,0.3383,0,0.856,-0.5786,0.3272,1]},{"frame":24,"values":[-0.0315,-0.34,0.9399,0,0.9983,0.0347,0.046,0,-0.0483,0.9398,0.3383,0,0.8239,-0.5809,0.3351,1]},{"frame":25,"values":[-0.0315,-0.34,0.9399,0,0.9983,0.0347,0.046,0,-0.0483,0.9398,0.3383,0,0.7831,-0.5838,0.3452,1]},{"frame":26,"values":[-0.0315,-0.34,0.9399,0,0.9983,0.0347,0.046,0,-0.0483,0.9398,0.3383,0,0.7343,-0.5872,0.3572,1]},{"frame":27,"values":[-0.0315,-0.34,0.9399,0,0.9983,0.0347,0.046,0,-0.0483,0.9398,0.3383,0,0.6785,-0.5912,0.3709,1]},{"frame":28,"values":[-0.0315,-0.34,0.9399,0,0.9983,0.0347,0.046,0,-0.0483,0.9398,0.3383,0,0.6171,-0.5955,0.386,1]},{"frame":29,"values":[-0.0315,-0.34,0.9399,0,0.9983,0.0347,0.046,0,-0.0483,0.9398,0.3383,0,0.5518,-0.6002,0.4021,1]},{"frame":30,"values":[-0.0315,-0.34,0.9399,0,0.9983,0.0347,0.046,0,-0.0483,0.9398,0.3383,0,0.4844,-0.605,0.4187,1]},{"frame":31,"values":[-0.0315,-0.34,0.9399,0,0.9983,0.0347,0.046,0,-0.0483,0.9398,0.3383,0,0.417,-0.6097,0.4353,1]},{"frame":32,"values":[-0.0315,-0.34,0.9399,0,0.9983,0.0347,0.046,0,-0.0483,0.9398,0.3383,0,0.3516,-0.6144,0.4514,1]},{"frame":33,"values":[-0.0315,-0.34,0.9399,0,0.9983,0.0347,0.046,0,-0.0483,0.9398,0.3383,0,0.2902,-0.6187,0.4665,1]},{"frame":34,"values":[-0.0315,-0.34,0.9399,0,0.9983,0.0347,0.046,0,-0.0483,0.9398,0.3383,0,0.2344,-0.6227,0.4802,1]},{"frame":35,"values":[-0.0315,-0.34,0.9399,0,0.9983,0.0347,0.046,0,-0.0483,0.9398,0.3383,0,0.1856,-0.6261,0.4923,1]},{"frame":36,"values":[-0.0315,-0.34,0.9399,0,0.9983,0.0347,0.046,0,-0.0483,0.9398,0.3383,0,0.1448,-0.629,0.5023,1]},{"frame":37,"values":[-0.0315,-0.34,0.9399,0,0.9983,0.0347,0.046,0,-0.0483,0.9398,0.3383,0,0.1127,-0.6313,0.5102,1]},{"frame":38,"values":[-0.0315,-0.34,0.9399,0,0.9983,0.0347,0.046,0,-0.0483,0.9398,0.3383,0,0.0897,-0.6329,0.5159,1]},{"frame":39,"values":[-0.0315,-0.34,0.9399,0,0.9983,0.0347,0.046,0,-0.0483,0.9398,0.3383,0,0.076,-0.6339,0.5192,1]},{"frame":40,"values":[-0.0315,-0.34,0.9399,0,0.9983,0.0347,0.046,0,-0.0483,0.9398,0.3383,0,0.0714,-0.6342,0.5204,1]},{"frame":41,"values":[-0.0315,-0.34,0.9399,0,0.9983,0.0347,0.046,0,-0.0483,0.9398,0.3383,0,0.076,-0.6339,0.5192,1]},{"frame":42,"values":[-0.0315,-0.34,0.9399,0,0.9983,0.0347,0.046,0,-0.0483,0.9398,0.3383,0,0.0897,-0.6329,0.5159,1]},{"frame":43,"values":[-0.0315,-0.34,0.9399,0,0.9983,0.0347,0.046,0,-0.0483,0.9398,0.3383,0,0.1127,-0.6313,0.5102,1]},{"frame":44,"values":[-0.0315,-0.34,0.9399,0,0.9983,0.0347,0.046,0,-0.0483,0.9398,0.3383,0,0.1448,-0.629,0.5023,1]},{"frame":45,"values":[-0.0315,-0.34,0.9399,0,0.9983,0.0347,0.046,0,-0.0483,0.9398,0.3383,0,0.1856,-0.6261,0.4923,1]},{"frame":46,"values":[-0.0315,-0.34,0.9399,0,0.9983,0.0347,0.046,0,-0.0483,0.9398,0.3383,0,0.2344,-0.6227,0.4802,1]},{"frame":47,"values":[-0.0315,-0.34,0.9399,0,0.9983,0.0347,0.046,0,-0.0483,0.9398,0.3383,0,0.2902,-0.6187,0.4665,1]},{"frame":48,"values":[-0.0315,-0.34,0.9399,0,0.9983,0.0347,0.046,0,-0.0483,0.9398,0.3383,0,0.3516,-0.6144,0.4514,1]},{"frame":49,"values":[-0.0315,-0.34,0.9399,0,0.9983,0.0347,0.046,0,-0.0483,0.9398,0.3383,0,0.417,-0.6097,0.4353,1]},{"frame":50,"values":[-0.0315,-0.34,0.9399,0,0.9983,0.0347,0.046,0,-0.0483,0.9398,0.3383,0,0.4844,-0.605,0.4187,1]},{"frame":51,"values":[-0.0315,-0.34,0.9399,0,0.9983,0.0347,0.046,0,-0.0483,0.9398,0.3383,0,0.5518,-0.6002,0.4021,1]},{"frame":52,"values":[-0.0315,-0.34,0.9399,0,0.9983,0.0347,0.046,0,-0.0483,0.9398,0.3383,0,0.6171,-0.5955,0.386,1]},{"frame":53,"values":[-0.0315,-0.34,0.9399,0,0.9983,0.0347,0.046,0,-0.0483,0.9398,0.3383,0,0.6785,-0.5912,0.3709,1]},{"frame":54,"values":[-0.0315,-0.34,0.9399,0,0.9983,0.0347,0.046,0,-0.0483,0.9398,0.3383,0,0.7343,-0.5872,0.3572,1]},{"frame":55,"values":[-0.0315,-0.34,0.9399,0,0.9983,0.0347,0.046,0,-0.0483,0.9398,0.3383,0,0.7831,-0.5838,0.3452,1]},{"frame":56,"values":[-0.0315,-0.34,0.9399,0,0.9983,0.0347,0.046,0,-0.0483,0.9398,0.3383,0,0.8239,-0.5809,0.3351,1]},{"frame":57,"values":[-0.0315,-0.34,0.9399,0,0.9983,0.0347,0.046,0,-0.0483,0.9398,0.3383,0,0.856,-0.5786,0.3272,1]},{"frame":58,"values":[-0.0315,-0.34,0.9399,0,0.9983,0.0347,0.046,0,-0.0483,0.9398,0.3383,0,0.879,-0.577,0.3216,1]},{"frame":59,"values":[-0.0315,-0.34,0.9399,0,0.9983,0.0347,0.046,0,-0.0483,0.9398,0.3383,0,0.8928,-0.576,0.3182,1]},{"frame":60,"values":[-0.0315,-0.34,0.9399,0,0.9983,0.0347,0.046,0,-0.0483,0.9398,0.3383,0,0.8973,-0.5757,0.317,1]},{"frame":61,"values":[-0.0315,-0.34,0.9399,0,0.9983,0.0347,0.046,0,-0.0483,0.9398,0.3383,0,0.8932,-0.5755,0.3191,1]},{"frame":62,"values":[-0.0315,-0.34,0.9399,0,0.9983,0.0347,0.046,0,-0.0483,0.9398,0.3383,0,0.8808,-0.5751,0.3251,1]},{"frame":63,"values":[-0.0315,-0.34,0.9399,0,0.9983,0.0347,0.046,0,-0.0483,0.9398,0.3383,0,0.8601,-0.5744,0.3353,1]},{"frame":64,"values":[-0.0315,-0.34,0.9399,0,0.9983,0.0347,0.046,0,-0.0483,0.9398,0.3383,0,0.8311,-0.5734,0.3494,1]},{"frame":65,"values":[-0.0315,-0.34,0.9399,0,0.9983,0.0347,0.046,0,-0.0483,0.9398,0.3383,0,0.7944,-0.5721,0.3674,1]},{"frame":66,"values":[-0.0315,-0.34,0.9399,0,0.9983,0.0347,0.046,0,-0.0483,0.9398,0.3383,0,0.7504,-0.5705,0.3889,1]},{"frame":67,"values":[-0.0315,-0.34,0.9399,0,0.9983,0.0347,0.046,0,-0.0483,0.9398,0.3383,0,0.7001,-0.5688,0.4135,1]},{"frame":68,"values":[-0.0315,-0.34,0.9399,0,0.9983,0.0347,0.046,0,-0.0483,0.9398,0.3383,0,0.6447,-0.5668,0.4406,1]},{"frame":69,"values":[-0.0315,-0.34,0.9399,0,0.9983,0.0347,0.046,0,-0.0483,0.9398,0.3383,0,0.5858,-0.5648,0.4695,1]},{"frame":70,"values":[-0.0315,-0.34,0.9399,0,0.9983,0.0347,0.046,0,-0.0483,0.9398,0.3383,0,0.5251,-0.5627,0.4992,1]},{"frame":71,"values":[-0.0315,-0.34,0.9399,0,0.9983,0.0347,0.046,0,-0.0483,0.9398,0.3383,0,0.4643,-0.5605,0.5289,1]},{"frame":72,"values":[-0.0315,-0.34,0.9399,0,0.9983,0.0347,0.046,0,-0.0483,0.9398,0.3383,0,0.4054,-0.5585,0.5577,1]},{"frame":73,"values":[-0.0315,-0.34,0.9399,0,0.9983,0.0347,0.046,0,-0.0483,0.9398,0.3383,0,0.35,-0.5565,0.5848,1]},{"frame":74,"values":[-0.0315,-0.34,0.9399,0,0.9983,0.0347,0.046,0,-0.0483,0.9398,0.3383,0,0.2997,-0.5548,0.6094,1]},{"frame":75,"values":[-0.0315,-0.34,0.9399,0,0.9983,0.0347,0.046,0,-0.0483,0.9398,0.3383,0,0.2558,-0.5532,0.6309,1]},{"frame":76,"values":[-0.0315,-0.34,0.9399,0,0.9983,0.0347,0.046,0,-0.0483,0.9398,0.3383,0,0.219,-0.552,0.6489,1]},{"frame":77,"values":[-0.0315,-0.34,0.9399,0,0.9983,0.0347,0.046,0,-0.0483,0.9398,0.3383,0,0.19,-0.551,0.6631,1]},{"frame":78,"values":[-0.0315,-0.34,0.9399,0,0.9983,0.0347,0.046,0,-0.0483,0.9398,0.3383,0,0.1693,-0.5502,0.6732,1]},{"frame":79,"values":[-0.0315,-0.34,0.9399,0,0.9983,0.0347,0.046,0,-0.0483,0.9398,0.3383,0,0.1569,-0.5498,0.6793,1]},{"frame":80,"values":[-0.0315,-0.34,0.9399,0,0.9983,0.0347,0.046,0,-0.0483,0.9398,0.3383,0,0.1528,-0.5496,0.6813,1]},{"frame":111,"values":[-0.0315,-0.34,0.9399,0,0.9983,0.0347,0.046,0,-0.0483,0.9398,0.3383,0,0.1528,-0.5496,0.6813,1]},{"frame":112,"values":[-0.0315,-0.34,0.9399,0,0.9983,0.0347,0.046,0,-0.0483,0.9398,0.3383,0,0.1528,-0.5496,0.6813,1]},{"frame":113,"values":[-0.0315,-0.34,0.9399,0,0.9983,0.0347,0.046,0,-0.0483,0.9398,0.3383,0,0.1528,-0.5496,0.6813,1]},{"frame":114,"values":[-0.0315,-0.34,0.9399,0,0.9983,0.0347,0.046,0,-0.0483,0.9398,0.3383,0,0.1528,-0.5496,0.6813,1]},{"frame":115,"values":[-0.0315,-0.34,0.9399,0,0.9983,0.0347,0.046,0,-0.0483,0.9398,0.3383,0,0.1528,-0.5496,0.6813,1]},{"frame":116,"values":[-0.0315,-0.34,0.9399,0,0.9983,0.0347,0.046,0,-0.0483,0.9398,0.3383,0,0.1528,-0.5496,0.6813,1]},{"frame":117,"values":[-0.0315,-0.34,0.9399,0,0.9983,0.0347,0.046,0,-0.0483,0.9398,0.3383,0,0.1528,-0.5496,0.6813,1]},{"frame":118,"values":[-0.0315,-0.34,0.9399,0,0.9983,0.0347,0.046,0,-0.0483,0.9398,0.3383,0,0.1528,-0.5496,0.6813,1]},{"frame":119,"values":[-0.0315,-0.34,0.9399,0,0.9983,0.0347,0.046,0,-0.0483,0.9398,0.3383,0,0.1528,-0.5496,0.6813,1]},{"frame":120,"values":[-0.0315,-0.34,0.9399,0,0.9983,0.0347,0.046,0,-0.0483,0.9398,0.3383,0,0.1528,-0.5496,0.6813,1]}],"loopBehavior":1,"name":"anim","property":"_matrix"}},
{"name":"Bone.003","index":2,"matrix":[0.0301,-0.3378,0.9407,0,0.9992,0.0348,-0.0195,0,-0.0261,0.9406,0.3386,0,0.1524,-0.5497,-0.7061,1],"parentBoneIndex":0,"animation":{"dataType":3,"framePerSecond":24,"keys":[{"frame":0,"values":[0.0301,-0.3378,0.9407,0,0.9992,0.0348,-0.0195,0,-0.0261,0.9406,0.3386,0,0.1524,-0.5497,-0.7061,1]},{"frame":1,"values":[0.0301,-0.3378,0.9407,0,0.9992,0.0348,-0.0195,0,-0.0261,0.9406,0.3386,0,0.1524,-0.5503,-0.7063,1]},{"frame":2,"values":[0.0301,-0.3378,0.9407,0,0.9992,0.0348,-0.0195,0,-0.0261,0.9406,0.3386,0,0.1525,-0.5521,-0.7069,1]},{"frame":3,"values":[0.0301,-0.3378,0.9407,0,0.9992,0.0348,-0.0195,0,-0.0261,0.9406,0.3386,0,0.1526,-0.5552,-0.7079,1]},{"frame":4,"values":[0.0301,-0.3378,0.9407,0,0.9992,0.0348,-0.0195,0,-0.0261,0.9406,0.3386,0,0.1527,-0.5595,-0.7093,1]},{"frame":5,"values":[0.0301,-0.3378,0.9407,0,0.9992,0.0348,-0.0195,0,-0.0261,0.9406,0.3386,0,0.1529,-0.565,-0.7111,1]},{"frame":6,"values":[0.0301,-0.3378,0.9407,0,0.9992,0.0348,-0.0195,0,-0.0261,0.9406,0.3386,0,0.1532,-0.5715,-0.7133,1]},{"frame":7,"values":[0.0301,-0.3378,0.9407,0,0.9992,0.0348,-0.0195,0,-0.0261,0.9406,0.3386,0,0.1536,-0.579,-0.7157,1]},{"frame":8,"values":[0.0301,-0.3378,0.9407,0,0.9992,0.0348,-0.0195,0,-0.0261,0.9406,0.3386,0,0.154,-0.5872,-0.7184,1]},{"frame":9,"values":[0.0301,-0.3378,0.9407,0,0.9992,0.0348,-0.0195,0,-0.0261,0.9406,0.3386,0,0.1545,-0.596,-0.7212,1]},{"frame":10,"values":[0.0301,-0.3378,0.9407,0,0.9992,0.0348,-0.0195,0,-0.0261,0.9406,0.3386,0,0.1551,-0.605,-0.7241,1]},{"frame":11,"values":[0.0301,-0.3378,0.9407,0,0.9992,0.0348,-0.0195,0,-0.0261,0.9406,0.3386,0,0.1558,-0.614,-0.727,1]},{"frame":12,"values":[0.0301,-0.3378,0.9407,0,0.9992,0.0348,-0.0195,0,-0.0261,0.9406,0.3386,0,0.1565,-0.6228,-0.7298,1]},{"frame":13,"values":[0.0301,-0.3378,0.9407,0,0.9992,0.0348,-0.0195,0,-0.0261,0.9406,0.3386,0,0.1573,-0.6311,-0.7324,1]},{"frame":14,"values":[0.0301,-0.3378,0.9407,0,0.9992,0.0348,-0.0195,0,-0.0261,0.9406,0.3386,0,0.1582,-0.6386,-0.7347,1]},{"frame":15,"values":[0.0301,-0.3378,0.9407,0,0.9992,0.0348,-0.0195,0,-0.0261,0.9406,0.3386,0,0.1591,-0.6451,-0.7366,1]},{"frame":16,"values":[0.0301,-0.3378,0.9407,0,0.9992,0.0348,-0.0195,0,-0.0261,0.9406,0.3386,0,0.1601,-0.6507,-0.7382,1]},{"frame":17,"values":[0.0301,-0.3378,0.9407,0,0.9992,0.0348,-0.0195,0,-0.0261,0.9406,0.3386,0,0.1612,-0.655,-0.7394,1]},{"frame":18,"values":[0.0301,-0.3378,0.9407,0,0.9992,0.0348,-0.0195,0,-0.0261,0.9406,0.3386,0,0.1623,-0.6582,-0.7402,1]},{"frame":19,"values":[0.0301,-0.3378,0.9407,0,0.9992,0.0348,-0.0195,0,-0.0261,0.9406,0.3386,0,0.1634,-0.6601,-0.7405,1]},{"frame":20,"values":[0.0301,-0.3378,0.9407,0,0.9992,0.0348,-0.0195,0,-0.0261,0.9406,0.3386,0,0.1645,-0.6607,-0.7404,1]},{"frame":21,"values":[0.0301,-0.3378,0.9407,0,0.9992,0.0348,-0.0195,0,-0.0261,0.9406,0.3386,0,0.1707,-0.6594,-0.7398,1]},{"frame":22,"values":[0.0301,-0.3378,0.9407,0,0.9992,0.0348,-0.0195,0,-0.0261,0.9406,0.3386,0,0.187,-0.6553,-0.7384,1]},{"frame":23,"values":[0.0301,-0.3378,0.9407,0,0.9992,0.0348,-0.0195,0,-0.0261,0.9406,0.3386,0,0.2136,-0.6484,-0.7363,1]},{"frame":24,"values":[0.0301,-0.3378,0.9407,0,0.9992,0.0348,-0.0195,0,-0.0261,0.9406,0.3386,0,0.2502,-0.6387,-0.7335,1]},{"frame":25,"values":[0.0301,-0.3378,0.9407,0,0.9992,0.0348,-0.0195,0,-0.0261,0.9406,0.3386,0,0.2964,-0.6263,-0.73,1]},{"frame":26,"values":[0.0301,-0.3378,0.9407,0,0.9992,0.0348,-0.0195,0,-0.0261,0.9406,0.3386,0,0.3514,-0.6116,-0.7259,1]},{"frame":27,"values":[0.0301,-0.3378,0.9407,0,0.9992,0.0348,-0.0195,0,-0.0261,0.9406,0.3386,0,0.414,-0.5946,-0.7212,1]},{"frame":28,"values":[0.0301,-0.3378,0.9407,0,0.9992,0.0348,-0.0195,0,-0.0261,0.9406,0.3386,0,0.4829,-0.576,-0.7161,1]},{"frame":29,"values":[0.0301,-0.3378,0.9407,0,0.9992,0.0348,-0.0195,0,-0.0261,0.9406,0.3386,0,0.556,-0.5562,-0.7107,1]},{"frame":30,"values":[0.0301,-0.3378,0.9407,0,0.9992,0.0348,-0.0195,0,-0.0261,0.9406,0.3386,0,0.6313,-0.5357,-0.7052,1]},{"frame":31,"values":[0.0301,-0.3378,0.9407,0,0.9992,0.0348,-0.0195,0,-0.0261,0.9406,0.3386,0,0.7065,-0.5152,-0.6997,1]},{"frame":32,"values":[0.0301,-0.3378,0.9407,0,0.9992,0.0348,-0.0195,0,-0.0261,0.9406,0.3386,0,0.7794,-0.4954,-0.6944,1]},{"frame":33,"values":[0.0301,-0.3378,0.9407,0,0.9992,0.0348,-0.0195,0,-0.0261,0.9406,0.3386,0,0.8479,-0.4767,-0.6894,1]},{"frame":34,"values":[0.0301,-0.3378,0.9407,0,0.9992,0.0348,-0.0195,0,-0.0261,0.9406,0.3386,0,0.91,-0.4598,-0.6849,1]},{"frame":35,"values":[0.0301,-0.3378,0.9407,0,0.9992,0.0348,-0.0195,0,-0.0261,0.9406,0.3386,0,0.9643,-0.4449,-0.6809,1]},{"frame":36,"values":[0.0301,-0.3378,0.9407,0,0.9992,0.0348,-0.0195,0,-0.0261,0.9406,0.3386,0,1.0097,-0.4325,-0.6776,1]},{"frame":37,"values":[0.0301,-0.3378,0.9407,0,0.9992,0.0348,-0.0195,0,-0.0261,0.9406,0.3386,0,1.0454,-0.4228,-0.675,1]},{"frame":38,"values":[0.0301,-0.3378,0.9407,0,0.9992,0.0348,-0.0195,0,-0.0261,0.9406,0.3386,0,1.071,-0.4158,-0.6732,1]},{"frame":39,"values":[0.0301,-0.3378,0.9407,0,0.9992,0.0348,-0.0195,0,-0.0261,0.9406,0.3386,0,1.0863,-0.4116,-0.6721,1]},{"frame":40,"values":[0.0301,-0.3378,0.9407,0,0.9992,0.0348,-0.0195,0,-0.0261,0.9406,0.3386,0,1.0914,-0.4102,-0.6717,1]},{"frame":41,"values":[0.0301,-0.3378,0.9407,0,0.9992,0.0348,-0.0195,0,-0.0261,0.9406,0.3386,0,1.0863,-0.4116,-0.6721,1]},{"frame":42,"values":[0.0301,-0.3378,0.9407,0,0.9992,0.0348,-0.0195,0,-0.0261,0.9406,0.3386,0,1.071,-0.4158,-0.6732,1]},{"frame":43,"values":[0.0301,-0.3378,0.9407,0,0.9992,0.0348,-0.0195,0,-0.0261,0.9406,0.3386,0,1.0454,-0.4228,-0.675,1]},{"frame":44,"values":[0.0301,-0.3378,0.9407,0,0.9992,0.0348,-0.0195,0,-0.0261,0.9406,0.3386,0,1.0097,-0.4325,-0.6776,1]},{"frame":45,"values":[0.0301,-0.3378,0.9407,0,0.9992,0.0348,-0.0195,0,-0.0261,0.9406,0.3386,0,0.9643,-0.4449,-0.6809,1]},{"frame":46,"values":[0.0301,-0.3378,0.9407,0,0.9992,0.0348,-0.0195,0,-0.0261,0.9406,0.3386,0,0.91,-0.4598,-0.6849,1]},{"frame":47,"values":[0.0301,-0.3378,0.9407,0,0.9992,0.0348,-0.0195,0,-0.0261,0.9406,0.3386,0,0.8479,-0.4767,-0.6894,1]},{"frame":48,"values":[0.0301,-0.3378,0.9407,0,0.9992,0.0348,-0.0195,0,-0.0261,0.9406,0.3386,0,0.7794,-0.4954,-0.6944,1]},{"frame":49,"values":[0.0301,-0.3378,0.9407,0,0.9992,0.0348,-0.0195,0,-0.0261,0.9406,0.3386,0,0.7065,-0.5152,-0.6997,1]},{"frame":50,"values":[0.0301,-0.3378,0.9407,0,0.9992,0.0348,-0.0195,0,-0.0261,0.9406,0.3386,0,0.6313,-0.5357,-0.7052,1]},{"frame":51,"values":[0.0301,-0.3378,0.9407,0,0.9992,0.0348,-0.0195,0,-0.0261,0.9406,0.3386,0,0.556,-0.5562,-0.7107,1]},{"frame":52,"values":[0.0301,-0.3378,0.9407,0,0.9992,0.0348,-0.0195,0,-0.0261,0.9406,0.3386,0,0.4829,-0.576,-0.7161,1]},{"frame":53,"values":[0.0301,-0.3378,0.9407,0,0.9992,0.0348,-0.0195,0,-0.0261,0.9406,0.3386,0,0.414,-0.5946,-0.7212,1]},{"frame":54,"values":[0.0301,-0.3378,0.9407,0,0.9992,0.0348,-0.0195,0,-0.0261,0.9406,0.3386,0,0.3514,-0.6116,-0.7259,1]},{"frame":55,"values":[0.0301,-0.3378,0.9407,0,0.9992,0.0348,-0.0195,0,-0.0261,0.9406,0.3386,0,0.2964,-0.6263,-0.73,1]},{"frame":56,"values":[0.0301,-0.3378,0.9407,0,0.9992,0.0348,-0.0195,0,-0.0261,0.9406,0.3386,0,0.2502,-0.6387,-0.7335,1]},{"frame":57,"values":[0.0301,-0.3378,0.9407,0,0.9992,0.0348,-0.0195,0,-0.0261,0.9406,0.3386,0,0.2136,-0.6484,-0.7363,1]},{"frame":58,"values":[0.0301,-0.3378,0.9407,0,0.9992,0.0348,-0.0195,0,-0.0261,0.9406,0.3386,0,0.187,-0.6553,-0.7384,1]},{"frame":59,"values":[0.0301,-0.3378,0.9407,0,0.9992,0.0348,-0.0195,0,-0.0261,0.9406,0.3386,0,0.1707,-0.6594,-0.7398,1]},{"frame":60,"values":[0.0301,-0.3378,0.9407,0,0.9992,0.0348,-0.0195,0,-0.0261,0.9406,0.3386,0,0.1645,-0.6607,-0.7404,1]},{"frame":61,"values":[0.0301,-0.3378,0.9407,0,0.9992,0.0348,-0.0195,0,-0.0261,0.9406,0.3386,0,0.1634,-0.6601,-0.7405,1]},{"frame":62,"values":[0.0301,-0.3378,0.9407,0,0.9992,0.0348,-0.0195,0,-0.0261,0.9406,0.3386,0,0.1623,-0.6582,-0.7402,1]},{"frame":63,"values":[0.0301,-0.3378,0.9407,0,0.9992,0.0348,-0.0195,0,-0.0261,0.9406,0.3386,0,0.1612,-0.655,-0.7394,1]},{"frame":64,"values":[0.0301,-0.3378,0.9407,0,0.9992,0.0348,-0.0195,0,-0.0261,0.9406,0.3386,0,0.1601,-0.6507,-0.7382,1]},{"frame":65,"values":[0.0301,-0.3378,0.9407,0,0.9992,0.0348,-0.0195,0,-0.0261,0.9406,0.3386,0,0.1591,-0.6451,-0.7366,1]},{"frame":66,"values":[0.0301,-0.3378,0.9407,0,0.9992,0.0348,-0.0195,0,-0.0261,0.9406,0.3386,0,0.1582,-0.6386,-0.7347,1]},{"frame":67,"values":[0.0301,-0.3378,0.9407,0,0.9992,0.0348,-0.0195,0,-0.0261,0.9406,0.3386,0,0.1573,-0.6311,-0.7324,1]},{"frame":68,"values":[0.0301,-0.3378,0.9407,0,0.9992,0.0348,-0.0195,0,-0.0261,0.9406,0.3386,0,0.1565,-0.6228,-0.7298,1]},{"frame":69,"values":[0.0301,-0.3378,0.9407,0,0.9992,0.0348,-0.0195,0,-0.0261,0.9406,0.3386,0,0.1558,-0.614,-0.727,1]},{"frame":70,"values":[0.0301,-0.3378,0.9407,0,0.9992,0.0348,-0.0195,0,-0.0261,0.9406,0.3386,0,0.1551,-0.605,-0.7241,1]},{"frame":71,"values":[0.0301,-0.3378,0.9407,0,0.9992,0.0348,-0.0195,0,-0.0261,0.9406,0.3386,0,0.1545,-0.596,-0.7212,1]},{"frame":72,"values":[0.0301,-0.3378,0.9407,0,0.9992,0.0348,-0.0195,0,-0.0261,0.9406,0.3386,0,0.154,-0.5872,-0.7184,1]},{"frame":73,"values":[0.0301,-0.3378,0.9407,0,0.9992,0.0348,-0.0195,0,-0.0261,0.9406,0.3386,0,0.1536,-0.579,-0.7157,1]},{"frame":74,"values":[0.0301,-0.3378,0.9407,0,0.9992,0.0348,-0.0195,0,-0.0261,0.9406,0.3386,0,0.1532,-0.5715,-0.7133,1]},{"frame":75,"values":[0.0301,-0.3378,0.9407,0,0.9992,0.0348,-0.0195,0,-0.0261,0.9406,0.3386,0,0.1529,-0.565,-0.7111,1]},{"frame":76,"values":[0.0301,-0.3378,0.9407,0,0.9992,0.0348,-0.0195,0,-0.0261,0.9406,0.3386,0,0.1527,-0.5595,-0.7093,1]},{"frame":77,"values":[0.0301,-0.3378,0.9407,0,0.9992,0.0348,-0.0195,0,-0.0261,0.9406,0.3386,0,0.1526,-0.5552,-0.7079,1]},{"frame":78,"values":[0.0301,-0.3378,0.9407,0,0.9992,0.0348,-0.0195,0,-0.0261,0.9406,0.3386,0,0.1525,-0.5521,-0.7069,1]},{"frame":79,"values":[0.0301,-0.3378,0.9407,0,0.9992,0.0348,-0.0195,0,-0.0261,0.9406,0.3386,0,0.1524,-0.5503,-0.7063,1]},{"frame":80,"values":[0.0301,-0.3378,0.9407,0,0.9992,0.0348,-0.0195,0,-0.0261,0.9406,0.3386,0,0.1524,-0.5497,-0.7061,1]},{"frame":111,"values":[0.0301,-0.3378,0.9407,0,0.9992,0.0348,-0.0195,0,-0.0261,0.9406,0.3386,0,0.1524,-0.5497,-0.7061,1]},{"frame":112,"values":[0.0301,-0.3378,0.9407,0,0.9992,0.0348,-0.0195,0,-0.0261,0.9406,0.3386,0,0.1524,-0.5497,-0.7061,1]},{"frame":113,"values":[0.0301,-0.3378,0.9407,0,0.9992,0.0348,-0.0195,0,-0.0261,0.9406,0.3386,0,0.1524,-0.5497,-0.7061,1]},{"frame":114,"values":[0.0301,-0.3378,0.9407,0,0.9992,0.0348,-0.0195,0,-0.0261,0.9406,0.3386,0,0.1524,-0.5497,-0.7061,1]},{"frame":115,"values":[0.0301,-0.3378,0.9407,0,0.9992,0.0348,-0.0195,0,-0.0261,0.9406,0.3386,0,0.1524,-0.5497,-0.7061,1]},{"frame":116,"values":[0.0301,-0.3378,0.9407,0,0.9992,0.0348,-0.0195,0,-0.0261,0.9406,0.3386,0,0.1524,-0.5497,-0.7061,1]},{"frame":117,"values":[0.0301,-0.3378,0.9407,0,0.9992,0.0348,-0.0195,0,-0.0261,0.9406,0.3386,0,0.1524,-0.5497,-0.7061,1]},{"frame":118,"values":[0.0301,-0.3378,0.9407,0,0.9992,0.0348,-0.0195,0,-0.0261,0.9406,0.3386,0,0.1524,-0.5497,-0.7061,1]},{"frame":119,"values":[0.0301,-0.3378,0.9407,0,0.9992,0.0348,-0.0195,0,-0.0261,0.9406,0.3386,0,0.1524,-0.5497,-0.7061,1]},{"frame":120,"values":[0.0301,-0.3378,0.9407,0,0.9992,0.0348,-0.0195,0,-0.0261,0.9406,0.3386,0,0.1524,-0.5497,-0.7061,1]}],"loopBehavior":1,"name":"anim","property":"_matrix"}},
{"name":"Bone.001","index":3,"matrix":[-0.9983,-0.058,-0.0086,0,0.0446,-0.8455,0.5321,0,-0.0381,0.5308,0.8466,0,0.2477,1.7242,1.4717,1],"parentBoneIndex":0,"animation":{"dataType":3,"framePerSecond":24,"keys":[{"frame":0,"values":[-0.9983,-0.058,-0.0086,0,0.0446,-0.8455,0.5321,0,-0.0381,0.5308,0.8466,0,0.2477,1.7242,1.4717,1]},{"frame":1,"values":[-0.9983,-0.0578,-0.0087,0,0.0443,-0.8465,0.5305,0,-0.0381,0.5293,0.8476,0,0.2477,1.7242,1.4717,1]},{"frame":2,"values":[-0.9983,-0.0571,-0.0092,0,0.0437,-0.8495,0.5258,0,-0.0379,0.5245,0.8505,0,0.2477,1.7242,1.4717,1]},{"frame":3,"values":[-0.9984,-0.0559,-0.0101,0,0.0426,-0.8544,0.5179,0,-0.0376,0.5166,0.8554,0,0.2477,1.7242,1.4717,1]},{"frame":4,"values":[-0.9985,-0.0544,-0.0113,0,0.0412,-0.8611,0.5067,0,-0.0373,0.5055,0.862,0,0.2477,1.7242,1.4717,1]},{"frame":5,"values":[-0.9985,-0.0524,-0.0129,0,0.0393,-0.8695,0.4924,0,-0.037,0.4912,0.8703,0,0.2477,1.7242,1.4717,1]},{"frame":6,"values":[-0.9986,-0.0501,-0.015,0,0.037,-0.8792,0.4751,0,-0.037,0.4739,0.8798,0,0.2477,1.7242,1.4717,1]},{"frame":7,"values":[-0.9987,-0.0475,-0.0175,0,0.0344,-0.8898,0.455,0,-0.0372,0.4539,0.8903,0,0.2477,1.7242,1.4717,1]},{"frame":8,"values":[-0.9988,-0.0448,-0.0204,0,0.0316,-0.901,0.4327,0,-0.0378,0.4315,0.9013,0,0.2477,1.7242,1.4717,1]},{"frame":9,"values":[-0.9988,-0.042,-0.0238,0,0.0286,-0.9122,0.4086,0,-0.0389,0.4075,0.9124,0,0.2477,1.7242,1.4717,1]},{"frame":10,"values":[-0.9988,-0.0392,-0.0276,0,0.0256,-0.9232,0.3835,0,-0.0405,0.3824,0.9231,0,0.2477,1.7242,1.4717,1]},{"frame":11,"values":[-0.9988,-0.0366,-0.0319,0,0.0228,-0.9334,0.3581,0,-0.0429,0.3569,0.9331,0,0.2477,1.7242,1.4717,1]},{"frame":12,"values":[-0.9987,-0.0343,-0.0366,0,0.0201,-0.9427,0.3331,0,-0.0459,0.332,0.9422,0,0.2477,1.7242,1.4717,1]},{"frame":13,"values":[-0.9986,-0.0323,-0.0418,0,0.0178,-0.9508,0.3094,0,-0.0497,0.3082,0.95,0,0.2477,1.7242,1.4717,1]},{"frame":14,"values":[-0.9984,-0.0309,-0.0474,0,0.016,-0.9576,0.2876,0,-0.0542,0.2864,0.9566,0,0.2477,1.7242,1.4717,1]},{"frame":15,"values":[-0.9981,-0.03,-0.0534,0,0.0146,-0.9632,0.2683,0,-0.0595,0.267,0.9619,0,0.2477,1.7242,1.4717,1]},{"frame":16,"values":[-0.9978,-0.0297,-0.0598,0,0.0137,-0.9676,0.2519,0,-0.0654,0.2505,0.9659,0,0.2477,1.7242,1.4717,1]},{"frame":17,"values":[-0.9973,-0.0302,-0.0666,0,0.0134,-0.971,0.2388,0,-0.0719,0.2373,0.9688,0,0.2477,1.7242,1.4717,1]},{"frame":18,"values":[-0.9968,-0.0314,-0.0738,0,0.0137,-0.9733,0.2291,0,-0.079,0.2274,0.9706,0,0.2477,1.7242,1.4717,1]},{"frame":19,"values":[-0.9961,-0.0333,-0.0813,0,0.0144,-0.9747,0.2229,0,-0.0867,0.2209,0.9714,0,0.2477,1.7242,1.4717,1]},{"frame":20,"values":[-0.9954,-0.036,-0.0891,0,0.0156,-0.9753,0.2203,0,-0.0948,0.2179,0.9714,0,0.2477,1.7242,1.4717,1]},{"frame":21,"values":[-0.9943,-0.0449,-0.0965,0,0.0227,-0.9753,0.2195,0,-0.104,0.2161,0.9708,0,0.2477,1.7242,1.4717,1]},{"frame":22,"values":[-0.9925,-0.0653,-0.1029,0,0.0414,-0.9749,0.219,0,-0.1146,0.2131,0.9703,0,0.2477,1.7242,1.4717,1]},{"frame":23,"values":[-0.9893,-0.0975,-0.1082,0,0.072,-0.9731,0.2187,0,-0.1266,0.2086,0.9698,0,0.2477,1.7242,1.4717,1]},{"frame":24,"values":[-0.9836,-0.1414,-0.1123,0,0.1143,-0.969,0.2189,0,-0.1398,0.2025,0.9693,0,0.2477,1.7242,1.4717,1]},{"frame":25,"values":[-0.9737,-0.1966,-0.1153,0,0.1681,-0.961,0.2194,0,-0.154,0.1943,0.9688,0,0.2477,1.7242,1.4717,1]},{"frame":26,"values":[-0.958,-0.2619,-0.1171,0,0.2321,-0.9474,0.2203,0,-0.1686,0.1838,0.9684,0,0.2477,1.7242,1.4717,1]},{"frame":27,"values":[-0.9347,-0.3354,-0.1177,0,0.3046,-0.9264,0.2214,0,-0.1833,0.1711,0.9681,0,0.2477,1.7242,1.4717,1]},{"frame":28,"values":[-0.9025,-0.4144,-0.1171,0,0.3828,-0.8966,0.2225,0,-0.1972,0.156,0.9679,0,0.2477,1.7242,1.4717,1]},{"frame":29,"values":[-0.861,-0.4953,-0.1155,0,0.4633,-0.8575,0.2236,0,-0.2098,0.139,0.9678,0,0.2477,1.7242,1.4717,1]},{"frame":30,"values":[-0.8108,-0.5744,-0.113,0,0.5423,-0.8097,0.2244,0,-0.2204,0.1207,0.9679,0,0.2477,1.7242,1.4717,1]},{"frame":31,"values":[-0.7536,-0.6481,-0.1099,0,0.6162,-0.7548,0.2249,0,-0.2287,0.1018,0.9682,0,0.2477,1.7242,1.4717,1]},{"frame":32,"values":[-0.6924,-0.7136,-0.1064,0,0.6823,-0.6956,0.225,0,-0.2346,0.0832,0.9685,0,0.2477,1.7242,1.4717,1]},{"frame":33,"values":[-0.6306,-0.7693,-0.1029,0,0.7387,-0.6355,0.2246,0,-0.2382,0.0657,0.969,0,0.2477,1.7242,1.4717,1]},{"frame":34,"values":[-0.5714,-0.8146,-0.0995,0,0.7848,-0.5778,0.224,0,-0.24,0.0499,0.9695,0,0.2477,1.7242,1.4717,1]},{"frame":35,"values":[-0.5178,-0.8501,-0.0964,0,0.8211,-0.5254,0.2232,0,-0.2404,0.0364,0.97,0,0.2477,1.7242,1.4717,1]},{"frame":36,"values":[-0.4719,-0.8766,-0.0938,0,0.8483,-0.4805,0.2223,0,-0.24,0.0253,0.9704,0,0.2477,1.7242,1.4717,1]},{"frame":37,"values":[-0.4355,-0.8955,-0.0918,0,0.8679,-0.4447,0.2215,0,-0.2392,0.0168,0.9708,0,0.2477,1.7242,1.4717,1]},{"frame":38,"values":[-0.4091,-0.908,-0.0903,0,0.8808,-0.4188,0.2209,0,-0.2384,0.0108,0.9711,0,0.2477,1.7242,1.4717,1]},{"frame":39,"values":[-0.3933,-0.915,-0.0894,0,0.8881,-0.4033,0.2204,0,-0.2378,0.0073,0.9713,0,0.2477,1.7242,1.4717,1]},{"frame":40,"values":[-0.3881,-0.9173,-0.0891,0,0.8905,-0.3982,0.2203,0,-0.2376,0.0062,0.9714,0,0.2477,1.7242,1.4717,1]},{"frame":41,"values":[-0.3933,-0.915,-0.0894,0,0.8881,-0.4033,0.2204,0,-0.2378,0.0073,0.9713,0,0.2477,1.7242,1.4717,1]},{"frame":42,"values":[-0.4091,-0.908,-0.0903,0,0.8808,-0.4188,0.2209,0,-0.2384,0.0108,0.9711,0,0.2477,1.7242,1.4717,1]},{"frame":43,"values":[-0.4355,-0.8955,-0.0918,0,0.8679,-0.4447,0.2215,0,-0.2392,0.0168,0.9708,0,0.2477,1.7242,1.4717,1]},{"frame":44,"values":[-0.4719,-0.8766,-0.0938,0,0.8483,-0.4805,0.2223,0,-0.24,0.0253,0.9704,0,0.2477,1.7242,1.4717,1]},{"frame":45,"values":[-0.5178,-0.8501,-0.0964,0,0.8211,-0.5254,0.2232,0,-0.2404,0.0364,0.97,0,0.2477,1.7242,1.4717,1]},{"frame":46,"values":[-0.5714,-0.8146,-0.0995,0,0.7848,-0.5778,0.224,0,-0.24,0.0499,0.9695,0,0.2477,1.7242,1.4717,1]},{"frame":47,"values":[-0.6306,-0.7693,-0.1029,0,0.7387,-0.6355,0.2246,0,-0.2382,0.0657,0.969,0,0.2477,1.7242,1.4717,1]},{"frame":48,"values":[-0.6924,-0.7136,-0.1064,0,0.6823,-0.6956,0.225,0,-0.2346,0.0832,0.9685,0,0.2477,1.7242,1.4717,1]},{"frame":49,"values":[-0.7536,-0.6481,-0.1099,0,0.6162,-0.7548,0.2249,0,-0.2287,0.1018,0.9682,0,0.2477,1.7242,1.4717,1]},{"frame":50,"values":[-0.8108,-0.5744,-0.113,0,0.5423,-0.8097,0.2244,0,-0.2204,0.1207,0.9679,0,0.2477,1.7242,1.4717,1]},{"frame":51,"values":[-0.861,-0.4953,-0.1155,0,0.4633,-0.8575,0.2236,0,-0.2098,0.139,0.9678,0,0.2477,1.7242,1.4717,1]},{"frame":52,"values":[-0.9025,-0.4144,-0.1171,0,0.3828,-0.8966,0.2225,0,-0.1972,0.156,0.9679,0,0.2477,1.7242,1.4717,1]},{"frame":53,"values":[-0.9347,-0.3354,-0.1177,0,0.3046,-0.9264,0.2214,0,-0.1833,0.1711,0.9681,0,0.2477,1.7242,1.4717,1]},{"frame":54,"values":[-0.958,-0.2619,-0.1171,0,0.2321,-0.9474,0.2203,0,-0.1686,0.1838,0.9684,0,0.2477,1.7242,1.4717,1]},{"frame":55,"values":[-0.9737,-0.1966,-0.1153,0,0.1681,-0.961,0.2194,0,-0.154,0.1943,0.9688,0,0.2477,1.7242,1.4717,1]},{"frame":56,"values":[-0.9836,-0.1414,-0.1123,0,0.1143,-0.969,0.2189,0,-0.1398,0.2025,0.9693,0,0.2477,1.7242,1.4717,1]},{"frame":57,"values":[-0.9893,-0.0975,-0.1082,0,0.072,-0.9731,0.2187,0,-0.1266,0.2086,0.9698,0,0.2477,1.7242,1.4717,1]},{"frame":58,"values":[-0.9925,-0.0653,-0.1029,0,0.0414,-0.9749,0.219,0,-0.1146,0.2131,0.9703,0,0.2477,1.7242,1.4717,1]},{"frame":59,"values":[-0.9943,-0.0449,-0.0965,0,0.0227,-0.9753,0.2195,0,-0.104,0.2161,0.9708,0,0.2477,1.7242,1.4717,1]},{"frame":60,"values":[-0.9954,-0.036,-0.0891,0,0.0156,-0.9753,0.2203,0,-0.0948,0.2179,0.9714,0,0.2477,1.7242,1.4717,1]},{"frame":61,"values":[-0.9961,-0.0333,-0.0813,0,0.0144,-0.9747,0.2229,0,-0.0867,0.2209,0.9714,0,0.2477,1.7242,1.4717,1]},{"frame":62,"values":[-0.9968,-0.0314,-0.0738,0,0.0137,-0.9733,0.2291,0,-0.079,0.2274,0.9706,0,0.2477,1.7242,1.4717,1]},{"frame":63,"values":[-0.9973,-0.0302,-0.0666,0,0.0134,-0.971,0.2388,0,-0.0719,0.2373,0.9688,0,0.2477,1.7242,1.4717,1]},{"frame":64,"values":[-0.9978,-0.0297,-0.0598,0,0.0137,-0.9676,0.2519,0,-0.0654,0.2505,0.9659,0,0.2477,1.7242,1.4717,1]},{"frame":65,"values":[-0.9981,-0.03,-0.0534,0,0.0146,-0.9632,0.2683,0,-0.0595,0.267,0.9619,0,0.2477,1.7242,1.4717,1]},{"frame":66,"values":[-0.9984,-0.0309,-0.0474,0,0.016,-0.9576,0.2876,0,-0.0542,0.2864,0.9566,0,0.2477,1.7242,1.4717,1]},{"frame":67,"values":[-0.9986,-0.0323,-0.0418,0,0.0178,-0.9508,0.3094,0,-0.0497,0.3082,0.95,0,0.2477,1.7242,1.4717,1]},{"frame":68,"values":[-0.9987,-0.0343,-0.0366,0,0.0201,-0.9427,0.3331,0,-0.0459,0.332,0.9422,0,0.2477,1.7242,1.4717,1]},{"frame":69,"values":[-0.9988,-0.0366,-0.0319,0,0.0228,-0.9334,0.3581,0,-0.0429,0.3569,0.9331,0,0.2477,1.7242,1.4717,1]},{"frame":70,"values":[-0.9988,-0.0392,-0.0276,0,0.0256,-0.9232,0.3835,0,-0.0405,0.3824,0.9231,0,0.2477,1.7242,1.4717,1]},{"frame":71,"values":[-0.9988,-0.042,-0.0238,0,0.0286,-0.9122,0.4086,0,-0.0389,0.4075,0.9124,0,0.2477,1.7242,1.4717,1]},{"frame":72,"values":[-0.9988,-0.0448,-0.0204,0,0.0316,-0.901,0.4327,0,-0.0378,0.4315,0.9013,0,0.2477,1.7242,1.4717,1]},{"frame":73,"values":[-0.9987,-0.0475,-0.0175,0,0.0344,-0.8898,0.455,0,-0.0372,0.4539,0.8903,0,0.2477,1.7242,1.4717,1]},{"frame":74,"values":[-0.9986,-0.0501,-0.015,0,0.037,-0.8792,0.4751,0,-0.037,0.4739,0.8798,0,0.2477,1.7242,1.4717,1]},{"frame":75,"values":[-0.9985,-0.0524,-0.0129,0,0.0393,-0.8695,0.4924,0,-0.037,0.4912,0.8703,0,0.2477,1.7242,1.4717,1]},{"frame":76,"values":[-0.9985,-0.0544,-0.0113,0,0.0412,-0.8611,0.5067,0,-0.0373,0.5055,0.862,0,0.2477,1.7242,1.4717,1]},{"frame":77,"values":[-0.9984,-0.0559,-0.0101,0,0.0426,-0.8544,0.5179,0,-0.0376,0.5166,0.8554,0,0.2477,1.7242,1.4717,1]},{"frame":78,"values":[-0.9983,-0.0571,-0.0092,0,0.0437,-0.8495,0.5258,0,-0.0379,0.5245,0.8505,0,0.2477,1.7242,1.4717,1]},{"frame":79,"values":[-0.9983,-0.0578,-0.0087,0,0.0443,-0.8465,0.5305,0,-0.0381,0.5293,0.8476,0,0.2477,1.7242,1.4717,1]},{"frame":80,"values":[-0.9983,-0.058,-0.0086,0,0.0446,-0.8455,0.5321,0,-0.0381,0.5308,0.8466,0,0.2477,1.7242,1.4717,1]},{"frame":111,"values":[-0.9961,-0.0878,-0.0047,0,0.0724,-0.85,0.5218,0,-0.0498,0.5194,0.8531,0,0.2477,1.7242,1.4717,1]},{"frame":112,"values":[-0.9838,-0.1794,0.0049,0,0.1588,-0.8578,0.4888,0,-0.0835,0.4816,0.8724,0,0.2477,1.7242,1.4717,1]},{"frame":113,"values":[-0.9432,-0.332,0.013,0,0.3051,-0.85,0.4295,0,-0.1315,0.4091,0.903,0,0.2477,1.7242,1.4717,1]},{"frame":114,"values":[-0.8492,-0.528,0.0068,0,0.4977,-0.796,0.3446,0,-0.1765,0.2961,0.9387,0,0.2477,1.7242,1.4717,1]},{"frame":115,"values":[-0.6896,-0.7237,-0.0254,0,0.6974,-0.6732,0.2459,0,-0.1951,0.1519,0.9689,0,0.2477,1.7242,1.4717,1]},{"frame":116,"values":[-0.4882,-0.8688,-0.0822,0,0.8549,-0.4951,0.1553,0,-0.1756,0.0055,0.9844,0,0.2477,1.7242,1.4717,1]},{"frame":117,"values":[-0.2948,-0.9442,-0.147,0,0.9467,-0.3095,0.0895,0,-0.1299,-0.1127,0.9851,0,0.2477,1.7242,1.4717,1]},{"frame":118,"values":[-0.1483,-0.9683,-0.2012,0,0.9856,-0.1614,0.0505,0,-0.0814,-0.1909,0.9782,0,0.2477,1.7242,1.4717,1]},{"frame":119,"values":[-0.0618,-0.97,-0.2352,0,0.997,-0.0712,0.0317,0,-0.0475,-0.2326,0.9714,0,0.2477,1.7242,1.4717,1]},{"frame":120,"values":[-0.0339,-0.9685,-0.2465,0,0.9988,-0.0417,0.0263,0,-0.0358,-0.2453,0.9688,0,0.2477,1.7242,1.4717,1]}],"loopBehavior":1,"name":"anim","property":"_matrix"}},
